Sample	Genotype	Origin	Site_planted	OriginSite	samples	Cyano1	Cyano2	Cyano3	Cyano4	Cyano5	Cyano6	Cyano7	Cyano8	Cyano9	Cyano10	Cyano11	Cyano12	Cyano13	Cyano14	Cyano15	Cyano16	Cyano17	Cyano18	Cyano19	Cyano20	Cyano21	Cyano22	Cyano23	Cyano24	Cyano25	Cyano26	Cyano27	Cyano28	Cyano29	Cyano30	Cyano31	Cyano32	Cyano33	Cyano34	Cyano35	Cyano36	Cyano37	Cyano38	Cyano39	Cyano40	Cyano41	Cyano42	Cyano43	Cyano44	Cyano45	Cyano46	Cyano47	Cyano48	Cyano49	Cyano50	Cyano51	Cyano52	Cyano53	Cyano54	Cyano55	Cyano56	Cyano57	Cyano58	Cyano59	Cyano60	Cyano61	Cyano62	Cyano63	Cyano64	Cyano65	Cyano66	Cyano67	Cyano68	Cyano69	Cyano70	Cyano71	Cyano72	Cyano73	Cyano74	Cyano75	Cyano76	Cyano77	Cyano78	Cyano79	Cyano80	Cyano81	Cyano82	Cyano83	Cyano84	Cyano85	Cyano86	Cyano87	Cyano88	Cyano89	Cyano90	Cyano91	Cyano92	Cyano93	Cyano94	Cyano95	Cyano96	Cyano97	Cyano98	Cyano99	Cyano100	Cyano101	Cyano102	Cyano103	Cyano104	Cyano105	Cyano106	Cyano107	Cyano108	Cyano109	Cyano110	Cyano111	Cyano112	Cyano113	Cyano114	Cyano115	Cyano116	Cyano117	Cyano118	Cyano119	Cyano120	Cyano121	Cyano122	Cyano123	Cyano124	Cyano125	Cyano126	Cyano127	Cyano128	Cyano129	Cyano130	Cyano131	Cyano132	Cyano133
Mim141	MRR	Coastal	Coastal	Coastal_Coastal	Mim141	3.225806452	74.19354839	0	3.225806452	0	0	0	0	0	9.677419355	3.225806452	0	0	0	0	0	0	0	0	0	0	0	0	0	0	0	0	0	0	0	0	0	0	0	0	0	6.451612903	0	0	0	0	0	0	0	0	0	0	0	0	0	0	0	0	0	0	0	0	0	0	0	0	0	0	0	0	0	0	0	0	0	0	0	0	0	0	0	0	0	0	0	0	0	0	0	0	0	0	0	0	0	0	0	0	0	0	0	0	0	0	0	0	0	0	0	0	0	0	0	0	0	0	0	0	0	0	0	0	0	0	0	0	0	0	0	0	0	0	0	0	0	0	0	0
Mim143	MRR	Coastal	Coastal	Coastal_Coastal	Mim143	6.451612903	67.74193548	0	16.12903226	0	0	0	0	0	3.225806452	0	0	0	0	0	0	0	0	0	0	0	0	0	0	0	0	0	0	0	0	0	0	3.225806452	0	0	0	0	0	0	0	0	0	0	0	0	0	0	0	0	0	0	0	0	0	0	3.225806452	0	0	0	0	0	0	0	0	0	0	0	0	0	0	0	0	0	0	0	0	0	0	0	0	0	0	0	0	0	0	0	0	0	0	0	0	0	0	0	0	0	0	0	0	0	0	0	0	0	0	0	0	0	0	0	0	0	0	0	0	0	0	0	0	0	0	0	0	0	0	0	0	0	0	0	0	0
Mim151	SWB	Coastal	Coastal	Coastal_Coastal	Mim151	0	69.44444444	0	19.44444444	0	0	0	0	0	0	8.333333333	0	0	0	0	0	0	0	0	0	0	0	0	2.777777778	0	0	0	0	0	0	0	0	0	0	0	0	0	0	0	0	0	0	0	0	0	0	0	0	0	0	0	0	0	0	0	0	0	0	0	0	0	0	0	0	0	0	0	0	0	0	0	0	0	0	0	0	0	0	0	0	0	0	0	0	0	0	0	0	0	0	0	0	0	0	0	0	0	0	0	0	0	0	0	0	0	0	0	0	0	0	0	0	0	0	0	0	0	0	0	0	0	0	0	0	0	0	0	0	0	0	0	0	0
Mim152	SWB	Coastal	Coastal	Coastal_Coastal	Mim152	0	82.08955224	0	2.985074627	0	0	0	0	1.492537313	4.47761194	0	0	0	0	0	0	0	0	0	0	0	0	0	2.985074627	0	0	0	0	0	0	0	0	0	0	0	0	0	0	0	0	0	0	1.492537313	1.492537313	0	0	0	1.492537313	0	0	0	0	0	0	0	0	0	0	0	0	0	0	0	0	0	0	0	0	0	0	0	0	0	0	0	0	0	0	0	0	0	0	0	0	0	0	0	0	0	0	0	0	0	0	1.492537313	0	0	0	0	0	0	0	0	0	0	0	0	0	0	0	0	0	0	0	0	0	0	0	0	0	0	0	0	0	0	0	0	0	0	0	0	0	0
Mim161	MRR	Coastal	Coastal	Coastal_Coastal	Mim161	0	60.18518519	6.481481481	8.333333333	0	2.777777778	0	3.703703704	0	1.851851852	8.333333333	0.925925926	0	1.851851852	2.777777778	0	0	0	0	0	0	0	0	0	0	0	0	0	0	1.851851852	0	0	0	0	0	0	0	0	0	0	0	0	0	0	0	0	0	0	0	0	0.925925926	0	0	0	0	0	0	0	0	0	0	0	0	0	0	0	0	0	0	0	0	0	0	0	0	0	0	0	0	0	0	0	0	0	0	0	0	0	0	0	0	0	0	0	0	0	0	0	0	0	0	0	0	0	0	0	0	0	0	0	0	0	0	0	0	0	0	0	0	0	0	0	0	0	0	0	0	0	0	0	0	0	0
Mim162	MRR	Coastal	Coastal	Coastal_Coastal	Mim162	0	79.34782609	0	6.52173913	2.173913043	0	0	1.086956522	0	3.260869565	5.434782609	0	0	0	0	0	0	0	0	0	0	0	0	0	0	0	0	0	0	0	0	0	0	0	0	0	0	0	0	0	0	0	0	0	1.086956522	0	0	0	0	0	1.086956522	0	0	0	0	0	0	0	0	0	0	0	0	0	0	0	0	0	0	0	0	0	0	0	0	0	0	0	0	0	0	0	0	0	0	0	0	0	0	0	0	0	0	0	0	0	0	0	0	0	0	0	0	0	0	0	0	0	0	0	0	0	0	0	0	0	0	0	0	0	0	0	0	0	0	0	0	0	0	0	0	0	0
Mim172	SWB	Coastal	Coastal	Coastal_Coastal	Mim172	0.709219858	68.79432624	0	6.382978723	0	0.709219858	0	7.092198582	0	8.510638298	1.418439716	0	0	0	0	0.709219858	0	0	0	0	0	0.709219858	0	0	0.709219858	2.836879433	0	0	0	0	0	0	0.709219858	0	0	0	0	0	0	0	0	0	0.709219858	0	0	0	0	0	0	0	0	0	0	0	0	0	0	0	0	0	0	0	0	0	0	0	0	0	0	0	0	0	0	0	0	0	0	0	0	0	0	0	0	0	0	0	0	0	0	0	0	0	0	0	0	0	0	0	0	0	0	0	0	0	0	0	0	0	0	0	0	0	0	0	0	0	0	0	0	0	0	0	0	0	0	0	0	0	0	0	0	0	0
Mim176	SWB	Coastal	Coastal	Coastal_Coastal	Mim176	2.116402116	64.02116402	2.116402116	17.98941799	7.936507937	1.058201058	0	0.529100529	0	0.529100529	1.587301587	0	0	0	0	0	0	0	0	0	0	0	0	0	0.529100529	0.529100529	0	0	0	0	0	0	0	0	0	0	0	0	0	0	0	0	0	0	0	0	0	0	0	0	0	0	0	0	0	0	0	0	0	0	0	0	0	0	0	0	0	0	0	0	0	0	0	0	0	0	0	0	0	0	0	0	0	0	0	0	0	0	0	0	0	0	0	0	0	0	0	0.529100529	0	0	0	0	0	0	0	0	0	0	0	0	0	0	0	0	0	0	0	0	0	0	0	0	0	0	0	0	0	0	0	0	0	0	0.529100529
Mim181	OCC	Inland	Coastal	Inland_Coastal	Mim181	0	68.48484848	10.3030303	4.242424242	6.060606061	0	0	3.03030303	0	1.212121212	0	0.606060606	0	0	3.03030303	1.212121212	0	0	0	0	0	0	0	0.606060606	0	0	0	0	0	0	0	0	0	0	0	0	0	0	0	0	0	0	0	0.606060606	0	0	0	0	0	0	0	0	0	0	0	0	0	0	0	0	0	0	0	0	0	0	0	0	0	0	0	0	0	0	0	0	0	0	0	0	0	0	0	0	0	0.606060606	0	0	0	0	0	0	0	0	0	0	0	0	0	0	0	0	0	0	0	0	0	0	0	0	0	0	0	0	0	0	0	0	0	0	0	0	0	0	0	0	0	0	0	0	0	0	0
Mim182	OCC	Inland	Coastal	Inland_Coastal	Mim182	5.401459854	14.01459854	42.62773723	14.30656934	3.941605839	0.729927007	1.605839416	0.145985401	4.96350365	1.02189781	1.459854015	0.145985401	2.04379562	0.291970803	0.145985401	0.875912409	0.583941606	0.145985401	1.751824818	0	0	0	0	0.291970803	0.145985401	0.437956204	0	0	0	0	0	0	0	0.145985401	0	0	0.145985401	0	0.291970803	0	0	0	0	0	0	0.729927007	0	0	0	0	0	0	0	0	0	0	0	0	0	0	0	0.145985401	0	0	0	0.145985401	0	0	0.437956204	0	0	0	0	0	0	0	0	0	0	0.291970803	0	0	0	0	0	0	0.291970803	0	0	0	0	0	0	0	0	0	0	0	0	0	0	0	0	0	0	0	0	0	0	0	0	0	0	0	0	0.145985401	0	0	0	0	0	0	0	0	0	0	0	0	0	0.145985401	0	0	0
Mim190	OCC	Inland	Coastal	Inland_Coastal	Mim190	0.590551181	54.92125984	6.88976378	12.4015748	11.41732283	1.377952756	0	3.346456693	0.590551181	0	0	0.393700787	0.590551181	0	0.984251969	0	0.984251969	0.393700787	0	0	0	0	0	0.196850394	0.196850394	0	0	0	0	0.393700787	0	0	0.393700787	0	0.196850394	0	0.196850394	0.787401575	0.393700787	0	0	0	0	0	0.393700787	0	0	0	0	0	0.196850394	0	0	0	0.196850394	0	0	0	0	0	0	0	0	0	0	0	0	0	0	0	0.196850394	0	0	0	0	0	0	0	0	0	0	0	0	0	0	0	0	0.196850394	0	0	0	0	0	0	0	0.196850394	0.196850394	0	0	0	0.196850394	0	0.196850394	0	0	0	0	0	0	0	0	0	0	0	0	0	0	0	0.196850394	0	0	0	0	0	0	0	0	0	0.196850394	0	0	0	0
Mim191	LMC	Inland	Coastal	Inland_Coastal	Mim191	0	69.43005181	10.88082902	9.844559585	2.590673575	1.554404145	0	1.03626943	0	1.554404145	1.03626943	0	0	0	1.554404145	0	0	0	0	0	0	0	0	0	0	0	0	0	0	0	0	0	0	0	0	0	0	0.518134715	0	0	0	0	0	0	0	0	0	0	0	0	0	0	0	0	0	0	0	0	0	0	0	0	0	0	0	0	0	0	0	0	0	0	0	0	0	0	0	0	0	0	0	0	0	0	0	0	0	0	0	0	0	0	0	0	0	0	0	0	0	0	0	0	0	0	0	0	0	0	0	0	0	0	0	0	0	0	0	0	0	0	0	0	0	0	0	0	0	0	0	0	0	0	0
Mim201	SWB	Coastal	Coastal	Coastal_Coastal	Mim21	0	59.88538682	6.017191977	13.75358166	2.29226361	0.859598854	0	2.865329513	1.432664756	2.578796562	1.146131805	2.29226361	0.286532951	0.286532951	1.432664756	0.286532951	0.286532951	0.286532951	0.286532951	0	0	0.286532951	0	0.573065903	0.286532951	0	0	0	0	0.286532951	0	0	0.286532951	0	0	0	0	0	0	0	0	0	0	0	0.286532951	0	0	0	0.286532951	0	0	0	0.859598854	0	0	0	0	0	0	0	0	0	0	0	0	0	0	0	0	0	0	0	0	0	0	0	0	0	0	0	0	0	0	0	0	0	0	0	0	0	0	0	0	0	0	0	0	0	0	0	0	0	0	0	0	0	0	0	0	0	0	0	0	0	0	0	0	0	0	0.286532951	0	0	0	0	0	0	0	0	0	0	0	0.286532951	0
Mim212	MRR	Coastal	Coastal	Coastal_Coastal	Mim22	0	41.66666667	16.66666667	0	0	41.66666667	0	0	0	0	0	0	0	0	0	0	0	0	0	0	0	0	0	0	0	0	0	0	0	0	0	0	0	0	0	0	0	0	0	0	0	0	0	0	0	0	0	0	0	0	0	0	0	0	0	0	0	0	0	0	0	0	0	0	0	0	0	0	0	0	0	0	0	0	0	0	0	0	0	0	0	0	0	0	0	0	0	0	0	0	0	0	0	0	0	0	0	0	0	0	0	0	0	0	0	0	0	0	0	0	0	0	0	0	0	0	0	0	0	0	0	0	0	0	0	0	0	0	0	0	0	0	0
Mim224	OCC	Inland	Coastal	Inland_Coastal	Mim228	37.22222222	40.55555556	1.111111111	0	2.222222222	11.11111111	0	0.555555556	0	0	0	0	0	0	0	0	1.111111111	0	0	0	0	0.555555556	0	0	0	0	0	0	0	0	0	0	0	0	0	0	0	0	0	0	0.555555556	0	0	0	0	0	0	1.111111111	0	0	0	0	0	0	0	0	0	1.111111111	0	1.111111111	0	0	0	0	0	0	0	0	0	0	0	1.111111111	0	0	0	0	0	0	0	0	0	0	0	0	0	0	0	0	0	0	0	0	0	0	0	0	0	0	0	0	0	0	0	0.555555556	0	0	0	0	0	0	0	0	0	0	0	0	0	0	0	0	0	0	0	0	0	0	0	0	0	0	0	0	0
Mim228	OCC	Inland	Coastal	Inland_Coastal	Mim237	33.37628866	32.08762887	9.407216495	5.798969072	10.05154639	0.128865979	1.675257732	0.902061856	1.030927835	0.257731959	0.386597938	0	0.128865979	0	0	0.257731959	0.515463918	0.773195876	0.386597938	0.386597938	0	0	0	0.257731959	0	0.515463918	0	0	0.257731959	0	0	0.257731959	0.128865979	0	0	0	0	0	0.128865979	0	0	0	0	0	0	0	0	0	0	0	0	0	0	0	0	0	0	0	0.128865979	0	0.257731959	0	0	0	0	0	0	0	0	0	0	0	0	0.257731959	0	0	0	0	0	0	0	0	0	0	0	0	0	0	0	0	0	0	0	0	0	0	0	0	0	0	0	0	0	0	0	0	0	0.128865979	0	0	0	0	0	0	0.128865979	0	0	0	0	0	0	0	0	0	0	0	0	0	0	0	0	0	0
Mim237	LMC	Inland	Coastal	Inland_Coastal	Mim238	16.4556962	34.17721519	32.91139241	0	7.594936709	1.265822785	0	0	0	0	0	0	0	0	0	1.265822785	0	0	0	0	0	0	0	0	0	0	0	0	0	0	0	0	0	0	0	0	0	0	0	0	0	0	0	0	0	0	0	0	1.265822785	0	0	1.265822785	0	0	0	0	0	0	0	0	0	0	0	0	0	2.53164557	0	0	0	0	0	0	0	0	0	0	0	0	0	0	0	0	0	0	0	0	0	0	0	0	0	0	0	0	0	0	0	0	0	0	0	0	0	0	0	0	0	0	0	0	0	0	0	0	0	0	0	1.265822785	0	0	0	0	0	0	0	0	0	0	0	0	0	0	0
Mim238	LMC	Inland	Coastal	Inland_Coastal	Mim250	32.35294118	32.35294118	5.882352941	0	10.29411765	13.97058824	0	0	0	0	0	0	0	0	0.735294118	0	0	0	0	0	0	4.411764706	0	0	0	0	0	0	0	0	0	0	0	0	0	0	0	0	0	0	0	0	0	0	0	0	0	0	0	0	0	0	0	0	0	0	0	0	0	0	0	0	0	0	0	0	0	0	0	0	0	0	0	0	0	0	0	0	0	0	0	0	0	0	0	0	0	0	0	0	0	0	0	0	0	0	0	0	0	0	0	0	0	0	0	0	0	0	0	0	0	0	0	0	0	0	0	0	0	0	0	0	0	0	0	0	0	0	0	0	0	0	0
Mim250	OCC	Inland	Coastal	Inland_Coastal	Mim255	18.75	25	0	0	25	18.75	0	0	0	0	0	0	0	12.5	0	0	0	0	0	0	0	0	0	0	0	0	0	0	0	0	0	0	0	0	0	0	0	0	0	0	0	0	0	0	0	0	0	0	0	0	0	0	0	0	0	0	0	0	0	0	0	0	0	0	0	0	0	0	0	0	0	0	0	0	0	0	0	0	0	0	0	0	0	0	0	0	0	0	0	0	0	0	0	0	0	0	0	0	0	0	0	0	0	0	0	0	0	0	0	0	0	0	0	0	0	0	0	0	0	0	0	0	0	0	0	0	0	0	0	0	0	0	0
Mim255	LMC	Inland	Coastal	Inland_Coastal	Mim31	14.96598639	17.00680272	36.05442177	0	0.680272109	16.32653061	0	0	0	0	0	0	0.680272109	0	0	0	0	0	0	0	0	0	0	0	0	0	0	0	0	0	0.680272109	0	0	0	0	0	0	0	0	0	2.040816327	2.040816327	0	0	0	0	0	0	0	0	0	0	0	0	0	0	0	0	0	0	0	0	0	0	0.680272109	0	2.040816327	0	0	0	0	0	0	0	0	0	0	0	0	0	0	1.360544218	0	0	0	0	0	0	0	0	0	0.680272109	0.680272109	0.680272109	0	0	0	0	0	0	0	0	0	0	0	0	0	0	0	0	0	0	0	0.680272109	0	0	0	0	0	0	0	0	0.680272109	0	0.680272109	0	0.680272109	0	0	0	0.680272109	0	0
Mim1	OCC	Inland	Inland	Inland_Inland	Mim1	83.2	6.4	4.8	0	0	4	0	0	0	0	0	0.8	0	0	0	0	0	0	0	0	0	0	0	0	0	0	0	0	0	0	0	0.8	0	0	0	0	0	0	0	0	0	0	0	0	0	0	0	0	0	0	0	0	0	0	0	0	0	0	0	0	0	0	0	0	0	0	0	0	0	0	0	0	0	0	0	0	0	0	0	0	0	0	0	0	0	0	0	0	0	0	0	0	0	0	0	0	0	0	0	0	0	0	0	0	0	0	0	0	0	0	0	0	0	0	0	0	0	0	0	0	0	0	0	0	0	0	0	0	0	0	0	0	0
Mim109	LMC	Inland	Inland	Inland_Inland	Mim109	75	11	1	0	2	3	0	0	0	1	0	0	0	5	0	0	0	0	0	1	0	0	0	0	0	0	0	0	0	0	0	0	0	0	0	0	0	0	0	0	0	0	0	0	1	0	0	0	0	0	0	0	0	0	0	0	0	0	0	0	0	0	0	0	0	0	0	0	0	0	0	0	0	0	0	0	0	0	0	0	0	0	0	0	0	0	0	0	0	0	0	0	0	0	0	0	0	0	0	0	0	0	0	0	0	0	0	0	0	0	0	0	0	0	0	0	0	0	0	0	0	0	0	0	0	0	0	0	0	0	0	0	0
Mim11	MRR	Coastal	Inland	Coastal_Inland	Mim11	65.2173913	17.39130435	0	0	8.695652174	4.347826087	0	0	0	0	0	0	0	0	0	0	0	0	0	0	0	0	0	0	0	0	0	0	0	0	0	0	0	0	0	0	0	0	0	0	0	0	0	0	0	0	0	0	0	0	0	0	0	0	0	0	0	0	0	0	0	0	0	0	0	0	0	0	0	0	0	0	0	0	0	0	0	0	0	0	0	0	0	0	0	0	0	0	0	0	0	0	0	0	0	0	0	0	0	0	0	0	0	0	0	0	0	0	0	4.347826087	0	0	0	0	0	0	0	0	0	0	0	0	0	0	0	0	0	0	0	0	0	0	0
Mim12	SWB	Coastal	Inland	Coastal_Inland	Mim12	84.42437923	9.706546275	0	0	0	0	0	0.225733634	0.451467269	0	0.677200903	0.225733634	0	0	0	0	0	0.225733634	0	0.225733634	0.451467269	0	0	0	0	0	0.451467269	0	0.677200903	0	0.451467269	0.677200903	0	0	0	0	0	0	0	0	0	0	0	0.225733634	0	0	0.225733634	0	0.451467269	0	0	0	0	0	0	0	0	0	0	0	0	0	0	0	0	0	0	0	0	0	0	0	0	0	0.225733634	0	0	0	0	0	0	0	0	0	0	0	0	0	0	0	0	0	0	0	0	0	0	0	0	0	0	0	0	0	0	0	0	0	0	0	0	0	0	0	0	0	0	0	0	0	0	0	0	0	0	0	0	0	0	0	0	0	0
Mim2	MRR	Coastal	Inland	Coastal_Inland	Mim2	85.88785047	4.205607477	0.747663551	0.46728972	0	0.280373832	0	0.373831776	0	0	0	1.588785047	0	0.747663551	0.186915888	0.093457944	0.093457944	0.186915888	0	0	0.747663551	0.186915888	0.654205607	0.186915888	0	0	0	0.186915888	0.280373832	0	0.373831776	0.093457944	0	0	0	0.186915888	0	0	0	0.186915888	0	0	0	0	0	0	0.280373832	0	0	0	0	0	0	0.093457944	0	0.280373832	0	0	0	0	0	0	0	0	0	0	0	0.280373832	0	0.280373832	0	0	0	0	0.093457944	0	0.186915888	0	0.186915888	0	0	0	0.093457944	0	0	0.093457944	0	0	0	0	0	0	0	0	0	0	0	0	0	0	0	0	0	0	0	0	0	0	0	0	0	0	0	0	0	0	0.093457944	0	0	0	0	0	0	0.093457944	0	0	0	0	0	0	0	0	0
Mim21	MRR	Coastal	Inland	Coastal_Inland	Mim212	22.01986755	17.8807947	20.69536424	6.291390728	4.966887417	0.331125828	4.801324503	2.814569536	1.655629139	1.158940397	2.152317881	0.165562914	1.490066225	1.821192053	0.82781457	2.483443709	0.496688742	0.662251656	0.496688742	0.165562914	0.165562914	0	0.165562914	0.165562914	0.662251656	0	0.331125828	0.331125828	0	0.165562914	0.165562914	0.165562914	0	0.993377483	0	0.165562914	0.331125828	0.165562914	0	0.165562914	0	0	0	0.165562914	0	0	0	0	0	0	0	0	0.165562914	0.165562914	0.331125828	0	0.331125828	0	0	0	0	0	0.165562914	0	0	0	0	0	0	0	0	0	0	0	0	0.331125828	0	0	0	0	0	0	0	0	0.331125828	0	0	0	0	0	0	0	0	0	0	0	0	0	0	0	0	0	0	0	0	0	0	0	0	0	0	0.165562914	0.165562914	0	0	0	0	0	0	0	0	0.165562914	0	0	0	0	0	0	0	0	0	0	0
Mim22	LMC	Inland	Inland	Inland_Inland	Mim224	20.25316456	18.98734177	48.10126582	0	2.53164557	6.329113924	0	0	0	0	0	0	0	0	0	0	0	0	0	0	0	0	0	0	0	0	0	0	0	0	0	0	0	0	0	0	0	0	0	0	1.265822785	2.53164557	0	0	0	0	0	0	0	0	0	0	0	0	0	0	0	0	0	0	0	0	0	0	0	0	0	0	0	0	0	0	0	0	0	0	0	0	0	0	0	0	0	0	0	0	0	0	0	0	0	0	0	0	0	0	0	0	0	0	0	0	0	0	0	0	0	0	0	0	0	0	0	0	0	0	0	0	0	0	0	0	0	0	0	0	0	0	0	0	0	0	0
Mim31	SWB	Coastal	Inland	Coastal_Inland	Mim32	0	0	0	0	100	0	0	0	0	0	0	0	0	0	0	0	0	0	0	0	0	0	0	0	0	0	0	0	0	0	0	0	0	0	0	0	0	0	0	0	0	0	0	0	0	0	0	0	0	0	0	0	0	0	0	0	0	0	0	0	0	0	0	0	0	0	0	0	0	0	0	0	0	0	0	0	0	0	0	0	0	0	0	0	0	0	0	0	0	0	0	0	0	0	0	0	0	0	0	0	0	0	0	0	0	0	0	0	0	0	0	0	0	0	0	0	0	0	0	0	0	0	0	0	0	0	0	0	0	0	0	0	0
Mim32	OCC	Inland	Inland	Inland_Inland	Mim57	86.42857143	3.701298701	0.974025974	0.649350649	0	0.12987013	2.142857143	0	0.519480519	0.25974026	0	0.779220779	0.064935065	0.324675325	0	0	0.12987013	0.194805195	0	0.38961039	0.194805195	0.064935065	0.38961039	0	0.194805195	0	0.12987013	0.324675325	0.064935065	0	0	0	0.064935065	0	0	0.194805195	0	0	0	0.064935065	0	0	0.194805195	0	0	0	0	0	0	0.25974026	0	0	0	0.12987013	0	0	0	0	0.12987013	0	0.064935065	0	0.12987013	0.194805195	0.064935065	0	0	0	0	0	0	0	0.12987013	0	0	0	0	0	0	0	0	0	0	0.12987013	0	0	0	0	0	0	0	0	0	0	0	0	0	0	0	0	0	0	0	0	0	0	0	0	0.064935065	0	0.064935065	0	0	0	0	0	0	0	0	0	0.064935065	0	0	0	0	0	0	0	0	0	0	0	0
Mim46	MRR	Coastal	Inland	Coastal_Inland	Mim66	0	0	0	0	100	0	0	0	0	0	0	0	0	0	0	0	0	0	0	0	0	0	0	0	0	0	0	0	0	0	0	0	0	0	0	0	0	0	0	0	0	0	0	0	0	0	0	0	0	0	0	0	0	0	0	0	0	0	0	0	0	0	0	0	0	0	0	0	0	0	0	0	0	0	0	0	0	0	0	0	0	0	0	0	0	0	0	0	0	0	0	0	0	0	0	0	0	0	0	0	0	0	0	0	0	0	0	0	0	0	0	0	0	0	0	0	0	0	0	0	0	0	0	0	0	0	0	0	0	0	0	0	0
Mim47	SWB	Coastal	Inland	Coastal_Inland	Mim67	35.79725449	25.65997888	10.34846885	4.540654699	9.926082365	0	1.478352693	1.900739176	0.739176346	0.844772967	0.633579725	0	0.950369588	0	0.527983105	0.316789863	0.633579725	0.422386484	0	0.422386484	0.316789863	0.105596621	0	0	0.105596621	0	0.316789863	0	0	0.316789863	0	0	0	0	0.527983105	0	0	0	0	0.105596621	0	0	0	0.105596621	0	0	0	0.105596621	0	0	0.105596621	0.316789863	0	0	0.105596621	0	0.105596621	0.105596621	0	0.105596621	0	0	0	0	0.105596621	0	0	0	0	0	0.105596621	0	0	0	0	0	0	0	0	0	0.211193242	0	0.105596621	0	0	0	0	0.105596621	0.211193242	0.211193242	0.211193242	0	0	0	0	0	0	0	0.105596621	0.105596621	0	0.105596621	0	0	0.105596621	0.105596621	0.105596621	0	0	0	0	0	0	0	0	0	0	0	0	0	0	0	0	0	0	0	0	0.105596621	0	0	0	0	0
Mim57	SWB	Coastal	Inland	Coastal_Inland	Mim83	62.06896552	17.24137931	0	0	3.448275862	10.34482759	0	0	0	0	0	0	0	0	0	0	0	0	0	0	0	0	0	0	0	0	0	0	0	0	0	0	0	0	0	0	0	0	0	0	0	0	0	0	0	0	0	0	0	0	0	0	0	0	0	0	0	0	0	0	0	6.896551724	0	0	0	0	0	0	0	0	0	0	0	0	0	0	0	0	0	0	0	0	0	0	0	0	0	0	0	0	0	0	0	0	0	0	0	0	0	0	0	0	0	0	0	0	0	0	0	0	0	0	0	0	0	0	0	0	0	0	0	0	0	0	0	0	0	0	0	0	0	0	0
Mim58	MRR	Coastal	Inland	Coastal_Inland	Mim87	36	12	32	0	8	12	0	0	0	0	0	0	0	0	0	0	0	0	0	0	0	0	0	0	0	0	0	0	0	0	0	0	0	0	0	0	0	0	0	0	0	0	0	0	0	0	0	0	0	0	0	0	0	0	0	0	0	0	0	0	0	0	0	0	0	0	0	0	0	0	0	0	0	0	0	0	0	0	0	0	0	0	0	0	0	0	0	0	0	0	0	0	0	0	0	0	0	0	0	0	0	0	0	0	0	0	0	0	0	0	0	0	0	0	0	0	0	0	0	0	0	0	0	0	0	0	0	0	0	0	0	0	0
Mim66	OCC	Inland	Inland	Inland_Inland	Mim93	32.09876543	17.28395062	19.75308642	0	0	23.45679012	0	0	0	0	0	0	0	0	0	0	0	0	0	1.234567901	0	2.469135802	0	0	0	0	0	0	0	0	0	0	0	0	0	0	0	0	0	0	0	0	0	0	0	0	0	0	0	0	0	0	0	0	0	0	0	0	0	0	0	0	0	0	0	0	0	0	0	0	0	0	0	0	0	0	0	2.469135802	0	0	0	0	0	0	0	0	0	0	0	0	0	0	0	0	0	0	0	0	0	0	0	0	0	0	0	0	0	0	0	0	0	0	0	0	0	0	0	0	0	0	0	0	0	0	0	1.234567901	0	0	0	0	0	0	0
Mim67	OCC	Inland	Inland	Inland_Inland	Mim97	60	18.57142857	12.85714286	0	1.428571429	5.714285714	0	0	0	0	0	0	0	0	0	0	0	0	0	0	0	0	0	0	0	0	1.428571429	0	0	0	0	0	0	0	0	0	0	0	0	0	0	0	0	0	0	0	0	0	0	0	0	0	0	0	0	0	0	0	0	0	0	0	0	0	0	0	0	0	0	0	0	0	0	0	0	0	0	0	0	0	0	0	0	0	0	0	0	0	0	0	0	0	0	0	0	0	0	0	0	0	0	0	0	0	0	0	0	0	0	0	0	0	0	0	0	0	0	0	0	0	0	0	0	0	0	0	0	0	0	0	0	0	0
Mim83	LMC	Inland	Inland	Inland_Inland	Mim98	0	0	0	0	100	0	0	0	0	0	0	0	0	0	0	0	0	0	0	0	0	0	0	0	0	0	0	0	0	0	0	0	0	0	0	0	0	0	0	0	0	0	0	0	0	0	0	0	0	0	0	0	0	0	0	0	0	0	0	0	0	0	0	0	0	0	0	0	0	0	0	0	0	0	0	0	0	0	0	0	0	0	0	0	0	0	0	0	0	0	0	0	0	0	0	0	0	0	0	0	0	0	0	0	0	0	0	0	0	0	0	0	0	0	0	0	0	0	0	0	0	0	0	0	0	0	0	0	0	0	0	0	0
