Sample	Genotype	Origin	Site_planted	OriginSite	samples	bact1	bact2	bact3	bact4	bact5	bact6	bact7	bact8	bact9	bact10	bact11	bact12	bact13	bact14	bact15	bact16	bact17	bact18	bact19	bact20	bact21	bact22	bact23	bact24	bact25	bact26	bact27	bact28	bact29	bact30	bact31	bact32	bact33	bact34	bact35	bact36	bact37	bact38	bact39	bact40	bact41	bact42	bact43	bact44	bact45	bact46	bact47	bact48	bact49	bact50	bact51	bact52	bact53	bact54	bact55	bact56	bact57	bact58	bact59	bact60	bact61	bact62	bact63	bact64	bact65	bact66	bact67	bact68	bact69	bact70	bact71	bact72	bact73	bact74	bact75	bact76	bact77	bact78	bact79	bact80	bact81	bact82	bact83	bact84	bact85	bact86	bact87	bact88	bact89	bact90	bact91	bact92	bact93	bact94	bact95	bact96	bact97	bact98	bact99	bact100	bact101	bact102	bact103	bact104	bact105	bact106	bact107	bact108	bact109	bact110	bact111	bact112	bact113	bact114	bact115	bact116	bact117	bact118	bact119	bact120	bact121	bact122	bact123
Mim1	OCC	Inland	Inland	Inland_Inland	Mim1	100	0	0	0	0	0	0	0	0	0	0	0	0	0	0	0	0	0	0	0	0	0	0	0	0	0	0	0	0	0	0	0	0	0	0	0	0	0	0	0	0	0	0	0	0	0	0	0	0	0	0	0	0	0	0	0	0	0	0	0	0	0	0	0	0	0	0	0	0	0	0	0	0	0	0	0	0	0	0	0	0	0	0	0	0	0	0	0	0	0	0	0	0	0	0	0	0	0	0	0	0	0	0	0	0	0	0	0	0	0	0	0	0	0	0	0	0	0	0	0	0	0	0
Mim109	LMC	Inland	Inland	Inland_Inland	Mim109	62.24489796	1.020408163	1.020408163	2.040816327	0	5.102040816	0	0	3.06122449	0	0	0	0	0	0	0	0	0	2.040816327	0	0	0	0	0	0	0	0	0	0	0	0	0	1.020408163	0	0	0	0	0	0	0	0	0	3.06122449	0	0	0	2.040816327	2.040816327	0	2.040816327	0	2.040816327	0	0	0	0	0	1.020408163	0	0	0	0	0	1.020408163	1.020408163	1.020408163	1.020408163	1.020408163	0	0	0	1.020408163	0	0	1.020408163	1.020408163	0	0	1.020408163	1.020408163	0	0	0	0	0	0	0	0	0	0	0	0	0	0	0	0	0	0	0	0	0	0	0	0	0	0	0	0	0	0	0	0	0	0	0	0	0	0	0	0	0	0	0
Mim11	MRR	Coastal	Inland	Coastal_Inland	Mim11	100	0	0	0	0	0	0	0	0	0	0	0	0	0	0	0	0	0	0	0	0	0	0	0	0	0	0	0	0	0	0	0	0	0	0	0	0	0	0	0	0	0	0	0	0	0	0	0	0	0	0	0	0	0	0	0	0	0	0	0	0	0	0	0	0	0	0	0	0	0	0	0	0	0	0	0	0	0	0	0	0	0	0	0	0	0	0	0	0	0	0	0	0	0	0	0	0	0	0	0	0	0	0	0	0	0	0	0	0	0	0	0	0	0	0	0	0	0	0	0	0	0	0
Mim12	SWB	Coastal	Inland	Coastal_Inland	Mim12	0	0	0	100	0	0	0	0	0	0	0	0	0	0	0	0	0	0	0	0	0	0	0	0	0	0	0	0	0	0	0	0	0	0	0	0	0	0	0	0	0	0	0	0	0	0	0	0	0	0	0	0	0	0	0	0	0	0	0	0	0	0	0	0	0	0	0	0	0	0	0	0	0	0	0	0	0	0	0	0	0	0	0	0	0	0	0	0	0	0	0	0	0	0	0	0	0	0	0	0	0	0	0	0	0	0	0	0	0	0	0	0	0	0	0	0	0	0	0	0	0	0	0
Mim141	MRR	Coastal	Coastal	Coastal_Coastal	Mim141	80.1843318	1.382488479	1.382488479	0	9.216589862	0	0.460829493	0.460829493	0	1.382488479	0	0.460829493	0	0	0	0	0	1.843317972	0	0	0	0.460829493	0	0.921658986	0	0	0	0	0	0	0.460829493	0	0	0.460829493	0	0	0	0	0	0	0	0	0	0	0	0	0	0	0	0	0	0	0	0	0	0	0	0	0	0	0	0	0	0	0	0	0	0	0	0	0	0	0	0	0	0	0	0	0	0	0	0	0	0	0	0	0	0	0	0	0	0	0	0	0	0	0	0	0	0	0	0	0	0	0	0	0	0	0	0	0	0	0	0	0	0.460829493	0	0.460829493	0	0	0	0	0
Mim143	MRR	Coastal	Coastal	Coastal_Coastal	Mim143	86.05769231	0.801282051	4.807692308	0	0.320512821	0.801282051	0	0.320512821	0.320512821	1.282051282	0	0.961538462	0	0	0	0	0.320512821	0.16025641	0	0	0	0.320512821	0	0.320512821	0	0	0.320512821	0.480769231	0.16025641	0.320512821	0.16025641	0	0	0	0.320512821	0	0	0.320512821	0.320512821	0	0	0	0	0	0	0	0	0	0	0	0	0	0	0	0	0	0	0	0	0	0	0	0	0	0	0	0	0	0	0	0	0	0	0.16025641	0	0	0	0	0	0	0	0.16025641	0	0	0	0	0	0	0	0	0.16025641	0	0	0	0	0	0	0.16025641	0	0	0	0	0	0	0	0	0	0	0	0	0	0	0	0	0	0	0	0	0.16025641	0	0	0	0
Mim151	SWB	Coastal	Coastal	Coastal_Coastal	Mim151	84.28571429	1.428571429	0	1.428571429	0	0	2.142857143	0	0	0	1.428571429	0	0	0	0	0	1.428571429	0	0	0	0	0.714285714	0	0	0	0	0	0.714285714	0	0	0	0	0	0	0	2.857142857	0	0	0	0	2.142857143	0	0	0	0	0	0	0	0	0	0	0	0	0	0	0	0	0	0	0	0	0	0	0	0	0	0	0	0	0	0	0	0	0	0	0	0	0	0	0	0	0	0	0	0	0	0	0.714285714	0	0	0	0	0.714285714	0	0	0	0	0	0	0	0	0	0	0	0	0	0	0	0	0	0	0	0	0	0	0	0	0	0	0	0	0	0
Mim152	SWB	Coastal	Coastal	Coastal_Coastal	Mim152	73.92996109	4.280155642	3.112840467	0	4.6692607	0	0.389105058	0	0.778210117	1.167315175	0.389105058	1.556420233	0	1.945525292	0	2.33463035	1.167315175	0	0	0	0	0.389105058	0	0	0	0	0	0	0	0.389105058	0	0	0	0	0	0	0.778210117	0	0	0	0	0	0	0	0	0	0	0	0	0	0	0	0	0	0	0	0.778210117	0	0	0.389105058	0	0	0	0	0	0	0	0	0	0	0	0	0	0	0	0	0	0	0	0	0	0	0	0	0	0	0	0	0	0	0	0	0	0	0	0	0	0	0	0	0	0	0.389105058	0	0	0	0	0	0.389105058	0	0.389105058	0	0	0	0	0	0	0	0	0.389105058	0	0	0
Mim161	MRR	Coastal	Coastal	Coastal_Coastal	Mim161	68.05555556	1.388888889	20.83333333	0	1.388888889	0	0	2.777777778	0	0	0	0	0	0	0	0	0	0	0	0	0	0	0	0	1.388888889	0	0	2.777777778	0	0	0	0	0	0	0	0	0	0	0	0	0	0	0	0	0	0	0	0	0	0	0	0	0	0	0	0	0	0	0	0	1.388888889	0	0	0	0	0	0	0	0	0	0	0	0	0	0	0	0	0	0	0	0	0	0	0	0	0	0	0	0	0	0	0	0	0	0	0	0	0	0	0	0	0	0	0	0	0	0	0	0	0	0	0	0	0	0	0	0	0	0	0	0	0	0
Mim162	MRR	Coastal	Coastal	Coastal_Coastal	Mim162	67.0212766	4.255319149	16.4893617	0	0.531914894	0	0	0	0	0	0	0	0	0.531914894	1.063829787	0	0	3.191489362	0	1.063829787	0	0	0	0	2.127659574	0	0	0	0	0	0	0	0	1.595744681	0	0	0	0	0.531914894	0	0	0	0	0	0	0	0	0	0	0	0	0	0	0	0.531914894	0	0	0	0	0	0	0	0	0	0	0	0	0	0	0	0	0	0	0	0	0	0	0	0	0	0	0	0	0	0	0	0	0	0	0	0	0	0	0	0	0	0	0	0	0	0	0	0	0	0	0	0	0	0	0	0	0	0.531914894	0	0	0	0	0	0	0	0	0.531914894	0
Mim172	SWB	Coastal	Coastal	Coastal_Coastal	Mim172	67.59776536	4.469273743	11.73184358	1.117318436	1.675977654	0	0.558659218	0	0	5.586592179	0	2.234636872	0.558659218	0	0	0.558659218	0	0.558659218	0	2.793296089	0	0.558659218	0	0	0	0	0	0	0	0	0	0	0	0	0	0	0	0	0	0	0	0	0	0	0	0	0	0	0	0	0	0	0	0	0	0	0	0	0	0	0	0	0	0	0	0	0	0	0	0	0	0	0	0	0	0	0	0	0	0	0	0	0	0	0	0	0	0	0	0	0	0	0	0	0	0	0	0	0	0	0	0	0	0	0	0	0	0	0	0	0	0	0	0	0	0	0	0	0	0	0	0	0
Mim176	SWB	Coastal	Coastal	Coastal_Coastal	Mim176	80.58608059	5.128205128	2.197802198	0.366300366	1.831501832	0	0	0	0.732600733	1.098901099	0.732600733	0	0	0.366300366	0	1.831501832	0	0	0	0.732600733	0	0	0	1.098901099	0	0.366300366	0	0	0	0	0	0	0	0	0	0	0	0	0.366300366	0.732600733	0	0	0	0	0	0.366300366	0	0	0	0	0	0	0	0	0	0	0	0	0	0	0	0	0.366300366	0	0	0	0	0	0	0	0	0	0	0	0	0	0	0	0	0	0	0	0	0	0	0	0	0	0	0	0	0	0	0	0	0	0	0	0	0	0	0	0	0	0	0	0.366300366	0	0	0.366300366	0	0.366300366	0	0	0	0	0	0	0	0	0	0	0
Mim181	OCC	Inland	Coastal	Inland_Coastal	Mim181	47.36842105	0	10.52631579	0	10.52631579	5.263157895	0	0	0	0	0	0	0	0	10.52631579	0	0	0	0	0	0	5.263157895	0	5.263157895	0	0	0	0	0	0	0	0	0	0	0	0	0	0	0	0	0	0	0	0	0	0	0	0	0	0	0	0	0	0	0	0	0	0	0	0	0	0	0	0	0	0	0	0	0	0	0	0	0	0	0	0	0	0	0	0	0	0	0	0	0	0	0	0	0	0	0	0	0	0	0	0	0	0	0	0	0	0	0	0	0	0	0	5.263157895	0	0	0	0	0	0	0	0	0	0	0	0	0	0	0
Mim182	OCC	Inland	Coastal	Inland_Coastal	Mim182	35.29411765	17.64705882	0	0	0	11.76470588	0	0	0	0	0	0	5.882352941	0	11.76470588	11.76470588	0	0	0	0	0	0	0	0	0	0	0	0	0	0	0	0	0	0	0	0	0	0	0	0	0	0	0	0	0	0	0	0	0	0	0	0	0	0	0	0	0	0	0	0	0	0	5.882352941	0	0	0	0	0	0	0	0	0	0	0	0	0	0	0	0	0	0	0	0	0	0	0	0	0	0	0	0	0	0	0	0	0	0	0	0	0	0	0	0	0	0	0	0	0	0	0	0	0	0	0	0	0	0	0	0	0	0	0	0
Mim190	OCC	Inland	Coastal	Inland_Coastal	Mim190	27.27272727	36.36363636	0	0	0	0	0	0	0	0	0	0	9.090909091	0	0	0	9.090909091	0	0	0	0	0	0	0	9.090909091	0	0	0	0	9.090909091	0	0	0	0	0	0	0	0	0	0	0	0	0	0	0	0	0	0	0	0	0	0	0	0	0	0	0	0	0	0	0	0	0	0	0	0	0	0	0	0	0	0	0	0	0	0	0	0	0	0	0	0	0	0	0	0	0	0	0	0	0	0	0	0	0	0	0	0	0	0	0	0	0	0	0	0	0	0	0	0	0	0	0	0	0	0	0	0	0	0	0	0	0
Mim191	LMC	Inland	Coastal	Inland_Coastal	Mim191	34.375	6.25	0	0	12.5	6.25	0	0	0	0	0	0	3.125	3.125	0	0	12.5	0	0	0	0	0	3.125	0	0	15.625	0	0	0	0	0	0	0	0	0	0	0	0	0	0	0	0	0	0	0	0	0	0	0	0	0	0	0	0	0	0	0	0	0	0	0	0	0	0	0	0	0	0	0	0	0	0	0	0	0	0	0	0	0	0	0	0	0	0	0	0	0	0	0	0	0	0	0	0	0	3.125	0	0	0	0	0	0	0	0	0	0	0	0	0	0	0	0	0	0	0	0	0	0	0	0	0	0	0
Mim2	MRR	Coastal	Inland	Coastal_Inland	Mim2	40	0	10	0	0	0	0	0	0	0	0	0	0	0	0	0	0	0	0	0	0	0	0	0	0	0	0	0	0	0	0	50	0	0	0	0	0	0	0	0	0	0	0	0	0	0	0	0	0	0	0	0	0	0	0	0	0	0	0	0	0	0	0	0	0	0	0	0	0	0	0	0	0	0	0	0	0	0	0	0	0	0	0	0	0	0	0	0	0	0	0	0	0	0	0	0	0	0	0	0	0	0	0	0	0	0	0	0	0	0	0	0	0	0	0	0	0	0	0	0	0	0	0
Mim201	SWB	Coastal	Coastal	Coastal_Coastal	Mim21	72.72727273	0	0	0	0	0	9.090909091	0	0	0	0	0	0	0	0	0	0	0	0	0	18.18181818	0	0	0	0	0	0	0	0	0	0	0	0	0	0	0	0	0	0	0	0	0	0	0	0	0	0	0	0	0	0	0	0	0	0	0	0	0	0	0	0	0	0	0	0	0	0	0	0	0	0	0	0	0	0	0	0	0	0	0	0	0	0	0	0	0	0	0	0	0	0	0	0	0	0	0	0	0	0	0	0	0	0	0	0	0	0	0	0	0	0	0	0	0	0	0	0	0	0	0	0	0	0
Mim21	MRR	Coastal	Inland	Coastal_Inland	Mim212	22.22222222	22.22222222	11.11111111	0	11.11111111	5.555555556	0	0	0	0	5.555555556	0	11.11111111	0	0	0	0	0	0	0	0	0	0	0	0	0	0	0	0	0	0	0	0	0	0	0	0	0	0	0	0	0	0	0	0	0	0	0	0	0	0	0	0	0	0	0	0	0	0	0	0	0	0	0	0	0	0	0	0	0	0	0	0	0	0	0	0	0	0	0	0	0	0	0	0	0	0	0	0	0	0	0	0	0	0	0	0	0	5.555555556	0	0	0	0	0	0	0	0	0	0	0	0	0	0	0	0	0	5.555555556	0	0	0	0	0	0
Mim212	MRR	Coastal	Coastal	Coastal_Coastal	Mim22	80.64516129	0	1.075268817	0	0	0	1.075268817	11.82795699	0	0	0	1.075268817	0	0	0	0	0	0	0	0	0	1.075268817	0	0	0	0	1.075268817	0	0	0	0	0	0	0	0	0	0	0	0	0	0	0	0	0	0	0	0	0	0	0	0	0	0	2.150537634	0	0	0	0	0	0	0	0	0	0	0	0	0	0	0	0	0	0	0	0	0	0	0	0	0	0	0	0	0	0	0	0	0	0	0	0	0	0	0	0	0	0	0	0	0	0	0	0	0	0	0	0	0	0	0	0	0	0	0	0	0	0	0	0	0	0	0	0	0
Mim22	LMC	Inland	Inland	Inland_Inland	Mim224	50	14.81481481	7.407407407	3.703703704	0	0	0	0	0	0	0	0	1.851851852	1.851851852	0	1.851851852	0	3.703703704	0	1.851851852	0	0	0	0	0	0	0	0	0	0	0	0	0	0	0	0	0	0	0	0	0	0	0	0	0	0	0	0	0	0	1.851851852	0	0	0	0	0	0	0	3.703703704	0	0	0	0	0	0	0	0	0	0	0	0	0	0	0	0	0	0	0	0	0	0	0	0	0	0	1.851851852	0	0	0	0	0	0	0	0	0	0	0	0	0	0	1.851851852	0	0	0	0	0	0	0	0	0	0	0	0	0	1.851851852	0	0	0	0	0	0	0	1.851851852
Mim224	OCC	Inland	Coastal	Inland_Coastal	Mim228	41.94214876	31.40495868	0	5.785123967	0.41322314	2.479338843	5.165289256	0	1.239669421	0	0.20661157	1.652892562	0.41322314	1.446280992	3.099173554	0	0	0	0	0	0	0.41322314	0	0	0	0	0.619834711	0	0	0	0	0	0.619834711	0	0	0	0	0.20661157	0	0	0	0	0	0.20661157	0	0	0	0	0.41322314	0	0	0	0	0	0	0	0	0.20661157	0	0.20661157	0.20661157	0	0	0	0	0	0	0	0	0.20661157	0	0	0	0	0	0	0.20661157	0.20661157	0	0	0.20661157	0	0	0.20661157	0.20661157	0	0	0	0	0	0	0	0	0	0	0	0.20661157	0	0	0.20661157	0	0	0	0	0	0	0	0	0	0	0	0	0	0	0	0	0	0	0	0	0	0	0
Mim228	OCC	Inland	Coastal	Inland_Coastal	Mim237	24.81751825	34.30656934	1.459854015	4.379562044	2.189781022	13.86861314	4.379562044	0	2.919708029	0	0	0	1.459854015	2.919708029	2.189781022	0	0	0	0	0	0	0	0	0	0	0	0	0	0	0	2.189781022	0	0	0	0	0	0	0	0	0	0	0	0	0	0	0	0	0	0	0	0	0	0	0	0	0	0	0	0	0	0	0	0	0	0	0	0	0	0	0	0	0	0.729927007	0	0	0	0	0	0	0	0	0	0	0	0	0	0.729927007	0	0	0	0	0	0	0	0.729927007	0	0	0	0	0	0	0	0	0	0	0	0	0	0	0	0	0	0	0	0	0	0	0	0	0	0.729927007	0	0
Mim237	LMC	Inland	Coastal	Inland_Coastal	Mim238	35	22.5	3.333333333	4.166666667	5.833333333	0.833333333	5.833333333	0	1.666666667	0	7.5	0.833333333	0	1.666666667	0	5.833333333	2.5	0	0	0	0	0	0	0	0	0	0	0	0	0	0	0	0	0	0	0	0	0	0	1.666666667	0	0	0	0	0	0	0	0	0	0	0	0	0	0	0	0	0	0	0	0	0	0	0	0	0	0	0	0	0	0	0	0	0	0	0	0	0	0	0	0	0	0	0	0	0	0	0	0	0	0	0	0	0	0	0	0	0	0	0	0	0	0	0	0	0.833333333	0	0	0	0	0	0	0	0	0	0	0	0	0	0	0	0	0	0
Mim238	LMC	Inland	Coastal	Inland_Coastal	Mim250	58.69565217	6.52173913	10.86956522	2.173913043	0	0	0	0	0	0	0	0	6.52173913	0	0	2.173913043	2.173913043	0	0	6.52173913	0	0	0	0	0	0	0	0	0	0	0	0	0	0	4.347826087	0	0	0	0	0	0	0	0	0	0	0	0	0	0	0	0	0	0	0	0	0	0	0	0	0	0	0	0	0	0	0	0	0	0	0	0	0	0	0	0	0	0	0	0	0	0	0	0	0	0	0	0	0	0	0	0	0	0	0	0	0	0	0	0	0	0	0	0	0	0	0	0	0	0	0	0	0	0	0	0	0	0	0	0	0	0	0	0
Mim250	OCC	Inland	Coastal	Inland_Coastal	Mim255	70.32258065	4.193548387	1.612903226	4.516129032	0	0	0	0	0.322580645	0	3.548387097	0.967741935	3.870967742	0.64516129	0.322580645	0	0	0	0.967741935	0	0	0	2.903225806	0.322580645	0.64516129	0	0	0	0	0.322580645	0	0	0	0	0	0	0	0	0	0	0	0.967741935	0	0.64516129	0	0	0	0	0	0	0.322580645	0	0	0	0	0	0	0	0	0	0	0.64516129	0	0	0	0	0	0	0.322580645	0	0.322580645	0	0	0	0	0	0	0	0	0	0	0	0	0	0	0	0	0	0.322580645	0.322580645	0	0.322580645	0	0	0	0	0	0	0	0	0	0.322580645	0	0	0	0	0	0	0	0	0	0	0	0	0	0	0	0	0	0	0	0	0
Mim255	LMC	Inland	Coastal	Inland_Coastal	Mim31	38.46153846	3.846153846	7.692307692	0	0	3.846153846	0	11.53846154	7.692307692	0	7.692307692	0	3.846153846	0	0	0	0	0	0	0	11.53846154	0	0	0	0	0	0	0	0	0	0	0	0	0	0	0	0	0	0	0	0	0	0	0	0	0	0	0	0	0	0	0	0	0	0	0	0	0	0	0	0	0	0	0	0	0	0	0	0	0	0	0	0	0	0	0	0	0	0	0	0	0	3.846153846	0	0	0	0	0	0	0	0	0	0	0	0	0	0	0	0	0	0	0	0	0	0	0	0	0	0	0	0	0	0	0	0	0	0	0	0	0	0	0	0
Mim31	SWB	Coastal	Inland	Coastal_Inland	Mim32	62.60869565	1.739130435	11.30434783	2.608695652	1.739130435	0	0.869565217	6.956521739	5.217391304	0.869565217	0.869565217	0.869565217	0	0	0	0	0	0	2.608695652	0	0.869565217	0	0	0	0	0	0	0	0	0	0	0	0	0	0	0	0	0	0	0	0	0	0	0	0	0	0	0	0	0	0	0	0	0	0.869565217	0	0	0	0	0	0	0	0	0	0	0	0	0	0	0	0	0	0	0	0	0	0	0	0	0	0	0	0	0	0	0	0	0	0	0	0	0	0	0	0	0	0	0	0	0	0	0	0	0	0	0	0	0	0	0	0	0	0	0	0	0	0	0	0	0	0	0	0
Mim32	OCC	Inland	Inland	Inland_Inland	Mim46	90.90909091	0	9.090909091	0	0	0	0	0	0	0	0	0	0	0	0	0	0	0	0	0	0	0	0	0	0	0	0	0	0	0	0	0	0	0	0	0	0	0	0	0	0	0	0	0	0	0	0	0	0	0	0	0	0	0	0	0	0	0	0	0	0	0	0	0	0	0	0	0	0	0	0	0	0	0	0	0	0	0	0	0	0	0	0	0	0	0	0	0	0	0	0	0	0	0	0	0	0	0	0	0	0	0	0	0	0	0	0	0	0	0	0	0	0	0	0	0	0	0	0	0	0	0	0
Mim46	MRR	Coastal	Inland	Coastal_Inland	Mim47	92.30769231	0	0	0	0	0	0	0	0	0	0	7.692307692	0	0	0	0	0	0	0	0	0	0	0	0	0	0	0	0	0	0	0	0	0	0	0	0	0	0	0	0	0	0	0	0	0	0	0	0	0	0	0	0	0	0	0	0	0	0	0	0	0	0	0	0	0	0	0	0	0	0	0	0	0	0	0	0	0	0	0	0	0	0	0	0	0	0	0	0	0	0	0	0	0	0	0	0	0	0	0	0	0	0	0	0	0	0	0	0	0	0	0	0	0	0	0	0	0	0	0	0	0	0	0
Mim47	SWB	Coastal	Inland	Coastal_Inland	Mim57	33.33333333	0	0	0	0	0	0	0	0	0	0	0	0	0	0	0	0	0	0	0	0	0	0	0	0	0	0	0	0	0	0	0	0	0	0	0	0	0	0	0	0	0	0	0	0	0	0	0	0	0	0	0	0	0	0	66.66666667	0	0	0	0	0	0	0	0	0	0	0	0	0	0	0	0	0	0	0	0	0	0	0	0	0	0	0	0	0	0	0	0	0	0	0	0	0	0	0	0	0	0	0	0	0	0	0	0	0	0	0	0	0	0	0	0	0	0	0	0	0	0	0	0	0	0	0
Mim57	SWB	Coastal	Inland	Coastal_Inland	Mim58	85.71428571	0	14.28571429	0	0	0	0	0	0	0	0	0	0	0	0	0	0	0	0	0	0	0	0	0	0	0	0	0	0	0	0	0	0	0	0	0	0	0	0	0	0	0	0	0	0	0	0	0	0	0	0	0	0	0	0	0	0	0	0	0	0	0	0	0	0	0	0	0	0	0	0	0	0	0	0	0	0	0	0	0	0	0	0	0	0	0	0	0	0	0	0	0	0	0	0	0	0	0	0	0	0	0	0	0	0	0	0	0	0	0	0	0	0	0	0	0	0	0	0	0	0	0	0
Mim58	MRR	Coastal	Inland	Coastal_Inland	Mim66	27.27272727	0	50	0	0	0	4.545454545	0	0	0	0	0	0	0	0	0	0	9.090909091	0	0	0	0	0	0	0	0	0	0	4.545454545	0	0	0	0	0	0	0	0	0	0	0	0	0	0	0	0	0	0	0	0	0	0	0	0	0	0	0	0	0	0	0	0	0	0	0	0	0	0	0	0	0	0	0	0	0	0	0	0	0	0	0	0	0	0	0	0	0	0	0	0	0	0	0	0	4.545454545	0	0	0	0	0	0	0	0	0	0	0	0	0	0	0	0	0	0	0	0	0	0	0	0	0	0	0	0	0
Mim66	OCC	Inland	Inland	Inland_Inland	Mim67	40	0	48	0	0	0	0	0	0	8	0	0	0	0	0	0	0	0	0	0	4	0	0	0	0	0	0	0	0	0	0	0	0	0	0	0	0	0	0	0	0	0	0	0	0	0	0	0	0	0	0	0	0	0	0	0	0	0	0	0	0	0	0	0	0	0	0	0	0	0	0	0	0	0	0	0	0	0	0	0	0	0	0	0	0	0	0	0	0	0	0	0	0	0	0	0	0	0	0	0	0	0	0	0	0	0	0	0	0	0	0	0	0	0	0	0	0	0	0	0	0	0	0
Mim67	OCC	Inland	Inland	Inland_Inland	Mim83	45	0	25	5	0	10	0	10	0	0	0	0	5	0	0	0	0	0	0	0	0	0	0	0	0	0	0	0	0	0	0	0	0	0	0	0	0	0	0	0	0	0	0	0	0	0	0	0	0	0	0	0	0	0	0	0	0	0	0	0	0	0	0	0	0	0	0	0	0	0	0	0	0	0	0	0	0	0	0	0	0	0	0	0	0	0	0	0	0	0	0	0	0	0	0	0	0	0	0	0	0	0	0	0	0	0	0	0	0	0	0	0	0	0	0	0	0	0	0	0	0	0	0
Mim83	LMC	Inland	Inland	Inland_Inland	Mim87	42.42424242	3.03030303	9.090909091	6.060606061	0	3.03030303	0	9.090909091	0	6.060606061	0	0	0	0	0	0	0	0	12.12121212	0	0	0	0	0	0	0	0	0	0	0	0	0	0	0	0	0	0	0	0	0	0	0	0	0	9.090909091	0	0	0	0	0	0	0	0	0	0	0	0	0	0	0	0	0	0	0	0	0	0	0	0	0	0	0	0	0	0	0	0	0	0	0	0	0	0	0	0	0	0	0	0	0	0	0	0	0	0	0	0	0	0	0	0	0	0	0	0	0	0	0	0	0	0	0	0	0	0	0	0	0	0	0	0	0	0
Mim87	LMC	Inland	Inland	Inland_Inland	Mim93	83.33333333	11.11111111	0	5.555555556	0	0	0	0	0	0	0	0	0	0	0	0	0	0	0	0	0	0	0	0	0	0	0	0	0	0	0	0	0	0	0	0	0	0	0	0	0	0	0	0	0	0	0	0	0	0	0	0	0	0	0	0	0	0	0	0	0	0	0	0	0	0	0	0	0	0	0	0	0	0	0	0	0	0	0	0	0	0	0	0	0	0	0	0	0	0	0	0	0	0	0	0	0	0	0	0	0	0	0	0	0	0	0	0	0	0	0	0	0	0	0	0	0	0	0	0	0	0	0
Mim93	LMC	Inland	Inland	Inland_Inland	Mim97	78.57142857	0	0	0	0	0	0	7.142857143	0	0	3.571428571	0	3.571428571	0	0	0	0	0	0	0	7.142857143	0	0	0	0	0	0	0	0	0	0	0	0	0	0	0	0	0	0	0	0	0	0	0	0	0	0	0	0	0	0	0	0	0	0	0	0	0	0	0	0	0	0	0	0	0	0	0	0	0	0	0	0	0	0	0	0	0	0	0	0	0	0	0	0	0	0	0	0	0	0	0	0	0	0	0	0	0	0	0	0	0	0	0	0	0	0	0	0	0	0	0	0	0	0	0	0	0	0	0	0	0	0
Mim97	SWB	Coastal	Inland	Coastal_Inland	Mim98	59.71223022	0	11.51079137	1.438848921	0	0	0.71942446	5.755395683	5.035971223	2.158273381	0	0	0	1.438848921	0	0	0.71942446	0	0.71942446	0	1.438848921	0.71942446	0	0	0	0	0	0	2.158273381	0	0	0	0	0	0	0	1.438848921	0.71942446	0	0	0	0	0	0	0	0.71942446	0	0	0	0	0	0	1.438848921	0	0	0	0	0	0	0	0	0	0	0	0	0	0	0	0	0	0	0	0	0	0	0	0	0	0	0	0	0	0	0	0	0	0	0	0	0	0	0	0	0	0	0	0	0	0	0	0	0	0	0.71942446	0	0.71942446	0	0	0	0	0	0	0	0.71942446	0	0	0	0	0	0	0	0	0
